Data.txt      1.0000000     -2.0000000      0.0000000      1.0000000      0.0000000      1.0000000
      1.1000000     -4.0000000      0.0000000      2.0000000      0.0000000      2.0000000
      1.2000000     -6.0000000-3.9474596E-014      3.0000000-1.1842379E-014      3.0000000
      1.3000000     -8.0000000      0.0000000      4.0000000      0.0000000      4.0000000
      1.4000000     -10.000000 2.9001744E-014      5.0000000 1.0150611E-014      5.0000000
      1.5000000     -12.000000-1.0105497E-013      6.0000000-3.7895613E-014      6.0000000
      1.6000000     -14.000000-4.4408921E-014      7.0000000-1.7763568E-014      7.0000000
      1.7000000     -16.000000      0.0000000      8.0000000      0.0000000      8.0000000
      1.8000000     -18.000000      0.0000000      9.0000000      0.0000000      9.0000000
      1.9000000     -20.000000 6.2984398E-014      10.000000 2.9917589E-014      10.000000
      2.0000000     -22.000000-1.1368684E-013      11.000000-5.6843419E-014      11.000000
      2.1000000     -24.000000-2.0623463E-013      12.000000-1.0827318E-013      12.000000
      2.2000000     -26.000000-1.8791213E-013      13.000000-1.0335167E-013      13.000000
      2.3000000     -28.000000-8.5963582E-014      14.000000-4.9429060E-014      14.000000
